200,'4158',826,,546,2,,,0,180,,550,2,,,0,100,,548,2,,,0,100,,549,2,,,0,120,,551,2,,,0,180,,547,2,,,0,100,,552,2,,,0,100,,553,2,,,0
200,'5055',731,,556,2,,,0,95,,557,2,,,0,83,,554,2,,,0,122,,555,2,,,0,100,,562,2,,,0,105,,558,2,,,0,100,,561,2,,,0,70,,559,2,,,0,95,,568,2,,,0,105,,565,2,,,0,35,,566,2,,,0,70,,570,2,,,0,25,,569,2,,,0,95,,567,2,,,0,75,,560,2,,,0,95,,563,2,,,0,100,,564,2,,,0
200,'5057',901,,571,2,,,0,205,,572,2,,,0,125,,573,2,,,0,95,,574,2,,,0,180,,577,2,,,0,100,,575,2,,,0,100,,576,2,,,0
200,'5430',731,,578,2,,,0,95,,579,2,,,0,83,,580,2,,,0,122,,581,2,,,0,100,,582,2,,,0,105,,583,2,,,0,100,,584,2,,,0,70,,585,2,,,0,95,,586,2,,,0,105,,587,2,,,0,35,,588,2,,,0,70,,591,2,,,0,25,,589,2,,,0,95,,590,2,,,0
301,'4158',1006,,663,2,,,0,205,,665,2,,,0,200,,664,2,,,0,200,,666,2,,,0
301,'5055',801,,669,2,,,0,158,,667,2,,,0,349,,668,2,,,0,133,,670,2,,,0,96,,671,2,,,0,94,,673,2,,,0,481,,672,2,,,0
301,'5057',1006,,674,2,,,0,205,,675,2,,,0,200,,676,2,,,0,198,,677,2,,,0
301,'5430',801,,678,2,,,0,158,,679,2,,,0,349,,682,2,,,0,133,,680,2,,,0,96,,681,2,,,0,94,,683,2,,,0
400,'4158',1106,,684,2,,,0,200,,685,2,,,0,195,,686,2,,,0,204,,687,2,,,0
400,'5055',746,,691,2,,,0,180,,690,2,,,0,175,,689,2,,,0,145,,688,2,,,0,185,,695,2,,,0,75,,694,2,,,0,152,,693,2,,,0,188,,696,2,,,0,110,,692,2,,,0
400,'5057',1106,,697,2,,,0,400,,698,2,,,0
400,'5430',746,,706,2,,,0,180,,702,2,,,0,175,,705,2,,,0,145,,703,2,,,0,185,,701,2,,,0,75,,704,2,,,0,152,,700,2,,,0,188,,699,2,,,0
501,'5055',851,,731,2,,,0,180,,733,2,,,0,178,,730,2,,,0,247,,732,2,,,0,150,,735,2,,,0,200,,734,2,,,0
501,'5430',851,,741,2,,,0,180,,739,2,,,0,178,,740,2,,,0,247,,736,2,,,0,150,,738,2,,,0,200,,737,2,,,0
600,'4158',809,,742,2,,,0,497,,744,2,,,0,296,,743,2,,,0
600,'5055',601,,745,2,,,0,130,,746,2,,,0,195,,747,2,,,0,195,,748,2,,,0,190,,751,2,,,0,190,,750,2,,,0,205,,749,2,,,0,505,,752,2,,,0
600,'5057',1206,,753,2,,,0,398,,754,2,,,0
600,'5430',601,,759,2,,,0,130,,761,2,,,0,195,,756,2,,,0,195,,760,2,,,0,190,,757,2,,,0,190,,758,2,,,0,205,,755,2,,,0
701,'4158',921,,818,2,0,5 6,0,185,,817,2,0,5 6,0,315,,819,2,0,5 6,0,188,,820,2,0,5 6,0,192,,821,2,0,5 6,0
701,'5055',556,,822,2,0,5 6,0,178,,823,2,0,5 6,0,122,,827,2,0,5 6,0,100,,832,2,0,5 6,0,180,,824,2,0,5 6,0,97,,833,2,0,5 6,0,93,,825,2,0,5 6,0,205,,831,2,0,5 6,0,171,,828,2,0,5 6,0,136,,826,2,0,5 6,0,93,,834,2,0,5 6,0,270,,830,2,0,5 6,0
701,'5057',1001,,835,2,0,5 6,0,420,,836,2,0,5 6,0,338,,837,2,0,5 6,0
701,'5430',556,,838,2,0,5 6,0,178,,849,2,0,5 6,0,122,,842,2,0,5 6,0,100,,839,2,0,5 6,0,180,,844,2,0,5 6,0,97,,848,2,0,5 6,0,93,,845,2,0,5 6,0,205,,840,2,0,5 6,0,171,,841,2,0,5 6,0,136,,847,2,0,5 6,0,93,,846,2,0,5 6,0
801,'4158',931,,872,2,,,0,370,,870,2,,,0,118,,871,2,,,0
801,'5055',750,,875,2,,,0,255,,874,2,,,0,405,,873,2,,,0,210,,876,2,,,0,111,,878,2,,,0,219,,877,2,,,0,250,,879,2,,,0
801,'5057',1000,,881,2,,,0,448,,880,2,,,0
801,'5430',750,,882,2,,,0,255,,883,2,,,0,405,,884,2,,,0,210,,885,2,,,0,111,,886,2,,,0,219,,887,2,,,0
901,'4158',1157,,906,2,,,0,489,,905,2,,,0
901,'5055',636,,908,2,,,0,210,,907,2,,,0,260,,910,2,,,0,218,,909,2,,,0,390,,911,2,,,0,212,,913,2,,,0,212,,912,2,,,0
901,'5057',1235,,914,2,,,0
901,'5430',636,,917,2,,,0,210,,920,2,,,0,260,,916,2,,,0,218,,915,2,,,0,390,,918,2,,,0,212,,919,2,,,0
3600,'4158',1046,,1001,2,,,0,470,,1002,2,,,0
3600,'5055',746,,1005,2,,,0,665,,1003,2,,,0,320,,1004,2,,,0
3600,'5430',746,,1007,2,,,0,665,,1006,2,,,0,320,,1008,2,,,0
6600,'4158',1213,,1021,21,4,,0,307,,1020,21,4,,0,320,,1019,21,4,,0
6600,'5057',1213,,1028,21,4,,0,307,,1027,21,4,,0,320,,1026,21,4,,0
6601,'4158',918,,1033,2,,,0,306,,1034,2,,,0,320,,1035,2,,,0
6601,'5057',918,,1042,2,,,0,306,,1041,2,,,0,320,,1040,2,,,0
