3400,'4158',914,,978,13,,,0,327,,979,13,,,0,93,,980,13,,,0,377,,977,13,,,0
3400,'5055',936,,982,13,,,0,99,,981,13,,,0,165,,983,13,,,0,405,,984,13,,,0
3400,'5430',936,,985,13,,,0,99,,986,13,,,0,165,,987,13,,,0,405,,988,13,,,0
3401,'4158',839,,990,10,,,0,365,,989,10,,,0,54,,991,10,,,0,377,,992,10,,,0
3401,'5055',905,,994,10,,,0,96,,995,10,,,0,125,,993,10,,,0,405,,996,10,,,0
3401,'5430',905,,1000,10,,,0,96,,997,10,,,0,125,,998,10,,,0,405,,999,10,,,0
3600,'4158',1116,,1001,11,,,0,431,,1002,11,,,0
3600,'5055',817,,1005,11,,,0,625,,1003,11,,,0,360,,1004,11,,,0
3600,'5430',817,,1007,11,,,0,625,,1006,11,,,0,360,,1008,11,,,0
3601,'4158',1002,,1010,10,,,0,420,,1009,10,,,0
3601,'5055',706,,1013,10,,,0,546,,1012,10,,,0,377,,1011,10,,,0,221,,1014,10,,,0
3601,'5430',706,,1015,10,,,0,546,,1016,10,,,0,377,,1017,10,,,0,221,,1018,10,,,0
