200,'4158',825,,546,1,,,0,180,,550,1,,,0,100,,548,1,,,0,100,,549,1,,,0,120,,551,1,,,0,180,,547,1,,,0,100,,552,1,,,0,100,,553,1,,,0
200,'5055',730,,556,1,,,0,95,,557,1,,,0,83,,554,1,,,0,122,,555,1,,,0,100,,562,1,,,0,105,,558,1,,,0,100,,561,1,,,0,70,,559,1,,,0,95,,568,1,,,0,105,,565,1,,,0,35,,566,1,,,0,70,,570,1,,,0,25,,569,1,,,0,95,,567,1,,,0,75,,560,1,,,0,95,,563,1,,,0,100,,564,1,,,0
200,'5057',900,,571,1,,,0,205,,572,1,,,0,125,,573,1,,,0,95,,574,1,,,0,180,,577,1,,,0,100,,575,1,,,0,100,,576,1,,,0
200,'5430',730,,578,1,,,0,95,,579,1,,,0,83,,580,1,,,0,122,,581,1,,,0,100,,582,1,,,0,105,,583,1,,,0,100,,584,1,,,0,70,,585,1,,,0,95,,586,1,,,0,105,,587,1,,,0,35,,588,1,,,0,70,,591,1,,,0,25,,589,1,,,0,95,,590,1,,,0
201,'4158',910,,592,19,4,,0,141,,596,19,4,,0,100,,593,19,4,,0,100,,595,19,4,,0,160,,597,19,4,,0,139,,594,19,4,,0,100,,598,19,4,,0,100,,599,19,4,,0
201,'5055',747,,603,19,4,,0,68,,602,19,4,,0,98,,604,19,4,,0,42,,600,19,4,,0,163,,601,19,4,,0,99,,609,19,4,,0,105,,606,19,4,,0,99,,607,19,4,,0,30,,605,19,4,,0,95,,614,19,4,,0,76,,612,19,4,,0,103,,611,19,4,,0,30,,610,19,4,,0,160,,615,19,4,,0,35,,608,19,4,,0,204,,613,19,4,,0
201,'5057',946,,616,19,4,,0,205,,617,19,4,,0,165,,621,19,4,,0,95,,619,19,4,,0,140,,622,19,4,,0,100,,620,19,4,,0,100,,618,19,4,,0
201,'5430',747,,623,19,4,,0,68,,624,19,4,,0,98,,625,19,4,,0,42,,626,19,4,,0,163,,627,19,4,,0,99,,633,19,4,,0,105,,628,19,4,,0,99,,629,19,4,,0,30,,630,19,4,,0,95,,635,19,4,,0,76,,631,19,4,,0,103,,632,19,4,,0,30,,634,19,4,,0,160,,636,19,4,,0
300,'4158',1049,,637,19,4,,0,206,,638,19,4,,0,199,,639,19,4,,0,199,,640,19,4,,0
300,'5055',714,,645,19,4,,0,132,,643,19,4,,0,199,,641,19,4,,0,176,,644,19,4,,0,132,,642,19,4,,0,173,,646,19,4,,0,125,,649,19,4,,0,169,,650,19,4,,0,224,,648,19,4,,0,100,,647,19,4,,0
300,'5057',1048,,651,19,4,,0,205,,652,19,4,,0,199,,654,19,4,,0,198,,653,19,4,,0
300,'5430',714,,660,19,4,,0,132,,656,19,4,,0,199,,657,19,4,,0,176,,655,19,4,,0,132,,659,19,4,,0,173,,658,19,4,,0,125,,661,19,4,,0,169,,662,19,4,,0
301,'4158',1005,,663,1,,,0,205,,665,1,,,0,200,,664,1,,,0,200,,666,1,,,0
301,'5055',800,,669,1,,,0,158,,667,1,,,0,349,,668,1,,,0,133,,670,1,,,0,96,,671,1,,,0,94,,673,1,,,0,481,,672,1,,,0
301,'5057',1005,,674,1,,,0,205,,675,1,,,0,200,,676,1,,,0,198,,677,1,,,0
301,'5430',800,,678,1,,,0,158,,679,1,,,0,349,,682,1,,,0,133,,680,1,,,0,96,,681,1,,,0,94,,683,1,,,0
400,'4158',1105,,684,1,,,0,200,,685,1,,,0,195,,686,1,,,0,204,,687,1,,,0
400,'5055',745,,691,1,,,0,180,,690,1,,,0,175,,689,1,,,0,145,,688,1,,,0,185,,695,1,,,0,75,,694,1,,,0,152,,693,1,,,0,188,,696,1,,,0,110,,692,1,,,0
400,'5057',1105,,697,1,,,0,400,,698,1,,,0
400,'5430',745,,706,1,,,0,180,,702,1,,,0,175,,705,1,,,0,145,,703,1,,,0,185,,701,1,,,0,75,,704,1,,,0,152,,700,1,,,0,188,,699,1,,,0
401,'4158',1203,,708,37,4,,0,202,,707,25,4,,0,154,,709,25,4,,0,243,,710,25,4,,0
401,'5055',845,,714,37,4,,0,180,,713,25,4,,0,178,,712,37,4,,0,146,,711,37,4,,0,184,,719,25,4,,0,73,,718,37,4,,0,142,,716,25,4,,0,197,,717,25,4,,0,104,,715,25,4,,0
401,'5057',1202,,720,37,4,,0,400,,721,25,4,,0
401,'5430',845,,729,37,4,,0,180,,725,25,4,,0,178,,728,37,4,,0,146,,723,37,4,,0,184,,722,25,4,,0,73,,724,37,4,,0,142,,727,25,4,,0,197,,726,25,4,,0
501,'5055',850,,731,1,,,0,70,,731,30,4,,0,110,,733,1,,,0,29,,733,30,4,,0,149,,730,1,,,0,33,,730,30,4,,0,214,,732,1,,,0,71,,732,30,4,,0,79,,735,1,,,0,31,,735,30,4,,0,169,,734,1,,,0,28,,734,30,4,,0
501,'5430',850,,741,1,,,0,70,,741,30,4,,0,110,,739,1,,,0,29,,739,30,4,,0,149,,740,1,,,0,33,,740,30,4,,0,214,,736,1,,,0,71,,736,30,4,,0,79,,738,1,,,0,31,,738,30,4,,0,169,,737,1,,,0,28,,737,30,4,,0
600,'4158',808,,742,1,,,0,497,,744,1,,,0,296,,743,1,,,0
600,'5055',600,,745,1,,,0,130,,746,1,,,0,195,,747,1,,,0,195,,748,1,,,0,190,,751,1,,,0,190,,750,1,,,0,205,,749,1,,,0,505,,752,1,,,0
600,'5057',1205,,753,1,,,0,398,,754,1,,,0
600,'5430',600,,759,1,,,0,130,,761,1,,,0,195,,756,1,,,0,195,,760,1,,,0,190,,757,1,,,0,190,,758,1,,,0,205,,755,1,,,0
601,'4158',953,,762,48,4,,0,497,,763,45,4,,0,298,,764,48,4,,0
601,'5055',723,,765,48,4,,0,190,,766,48,4,,0,198,,768,48,4,,0,197,,767,45,4,,0,146,,771,48,4,,0,196,,769,45,4,,0,200,,770,48,4,,0,509,,772,45,4,,0
601,'5057',1351,,773,48,4,,0,398,,774,45,4,,0
601,'5430',723,,775,48,4,,0,190,,781,48,4,,0,198,,776,48,4,,0,197,,780,45,4,,0,146,,777,48,4,,0,196,,778,45,4,,0,200,,779,48,4,,0
700,'4158',1058,,783,42,4,,0,185,,782,42,4,,0,312,,785,42,4,,0,190,,784,42,4,,0,192,,786,42,4,,0
700,'5055',721,,790,15,4,,0,6,,787,42,4,,0,176,,788,15,4,,0,115,,792,42,4,,0,103,,797,15,4,,0,180,,789,42,4,,0,55,,799,15,4,,0,92,,794,42,4,,0,205,,796,42,4,,0,1,,793,15,4,,0,179,,791,15,4,,0,115,,795,15,4,,0,157,,800,42,4,,0,231,,798,42,4,,0
700,'5057',1137,,801,42,4,,0,420,,802,42,4,,0,379,,803,42,4,,0
700,'5430',721,,816,15,4,,0,6,,804,42,4,,0,176,,815,15,4,,0,115,,809,42,4,,0,103,,811,15,4,,0,180,,805,42,4,,0,55,,814,15,4,,0,92,,812,42,4,,0,205,,806,42,4,,0,1,,813,15,4,,0,179,,807,15,4,,0,115,,808,15,4,,0,157,,810,42,4,,0
701,'4158',920,,818,1,0,5 6,0,185,,817,1,0,5 6,0,315,,819,1,0,5 6,0,188,,820,1,0,5 6,0,192,,821,1,0,5 6,0
701,'5055',555,,822,1,0,5 6,0,178,,823,1,0,5 6,0,122,,827,1,0,5 6,0,100,,832,1,0,5 6,0,180,,824,1,0,5 6,0,97,,833,1,0,5 6,0,93,,825,1,0,5 6,0,205,,831,1,0,5 6,0,171,,828,1,0,5 6,0,136,,826,1,0,5 6,0,93,,834,1,0,5 6,0,270,,830,1,0,5 6,0
701,'5057',1000,,835,1,0,5 6,0,420,,836,1,0,5 6,0,338,,837,1,0,5 6,0
701,'5430',555,,838,1,0,5 6,0,178,,849,1,0,5 6,0,122,,842,1,0,5 6,0,100,,839,1,0,5 6,0,180,,844,1,0,5 6,0,97,,848,1,0,5 6,0,93,,845,1,0,5 6,0,205,,840,1,0,5 6,0,171,,841,1,0,5 6,0,136,,847,1,0,5 6,0,93,,846,1,0,5 6,0
800,'4158',1145,,852,65,4,,0,372,,850,65,4,,0,118,,851,65,4,,0
800,'5055',740,,854,64,4,,0,211,,856,65,4,,0,272,,855,65,4,,0,405,,853,65,4,,0,204,,860,65,4,,0,98,,859,65,4,,0,219,,858,65,4,,0,210,,857,65,4,,0
800,'5057',1225,,862,65,4,,0,485,,861,65,4,,0
800,'5430',740,,863,64,4,,0,211,,868,65,4,,0,272,,865,65,4,,0,405,,869,65,4,,0,204,,867,65,4,,0,98,,866,65,4,,0,219,,864,65,4,,0
801,'4158',930,,872,1,,,0,370,,870,1,,,0,118,,871,1,,,0
801,'5055',749,,875,1,,,0,255,,874,1,,,0,405,,873,1,,,0,210,,876,1,,,0,111,,878,1,,,0,219,,877,1,,,0,210,,879,1,,,0
801,'5057',959,,881,1,,,0,488,,880,1,,,0
801,'5430',749,,882,1,,,0,255,,883,1,,,0,405,,884,1,,,0,210,,885,1,,,0,111,,886,1,,,0,219,,887,1,,,0
900,'4158',920,,888,40,4,,0,436,,890,40,4,,0,488,,889,40,4,,0
900,'5055',831,,891,40,4,,0,209,,892,40,4,,0,260,,893,40,4,,0,220,,894,40,4,,0,390,,897,40,4,,0,210,,895,40,4,,0,212,,896,40,4,,0
900,'5057',1432,,898,40,4,,0
900,'5430',831,,900,40,4,,0,209,,899,40,4,,0,260,,901,40,4,,0,220,,903,40,4,,0,390,,902,40,4,,0,210,,904,40,4,,0
901,'4158',1156,,906,1,,,0,489,,905,1,,,0
901,'5055',635,,908,1,,,0,210,,907,1,,,0,260,,910,1,,,0,218,,909,1,,,0,390,,911,1,,,0,212,,913,1,,,0,212,,912,1,,,0
901,'5057',1234,,914,1,,,0
901,'5430',635,,917,1,,,0,210,,920,1,,,0,260,,916,1,,,0,218,,915,1,,,0,390,,918,1,,,0,212,,919,1,,,0
3600,'4158',1045,,1001,1,,,0,470,,1002,1,,,0
3600,'5055',745,,1005,1,,,0,665,,1003,1,,,0,320,,1004,1,,,0
3600,'5430',745,,1007,1,,,0,665,,1006,1,,,0,320,,1008,1,,,0
3601,'4158',1032,,1010,24,4,,0,419,,1009,24,4,,0
3601,'5055',738,,1013,24,4,,0,587,,1012,24,4,,0,334,,1011,24,4,,0,261,,1014,24,4,,0
3601,'5430',738,,1015,24,4,,0,587,,1016,24,4,,0,334,,1017,24,4,,0,261,,1018,24,4,,0
6600,'4158',1223,,1021,23,4,,0,307,,1020,23,4,,0,320,,1019,23,4,,0
6600,'5055',1517,,1023,21,4,,0,200,,1022,21,4,,0,25,,1024,21,4,,0,101,,1025,21,4,,0
6600,'5057',1223,,1028,23,4,,0,307,,1027,23,4,,0,320,,1026,23,4,,0
6600,'5430',1517,,1029,21,4,,0,200,,1031,21,4,,0,25,,1030,21,4,,0,101,,1032,21,4,,0
6601,'4158',917,,1033,1,,,0,306,,1034,1,,,0,320,,1035,1,,,0
6601,'5055',534,,1036,1,,,0,81,,1039,1,,,0,15,,1038,1,,,0,293,,1037,1,,,0
6601,'5057',917,,1042,1,,,0,306,,1041,1,,,0,320,,1040,1,,,0
6601,'5430',534,,1044,1,,,0,81,,1045,1,,,0,15,,1046,1,,,0,293,,1043,1,,,0
