600,'4158',857,,742,44,4,,0,494,,744,47,4,,0,299,,743,44,4,,0
600,'5055',629,,745,15,4,,0,189,,746,44,4,,0,195,,747,44,4,,0,192,,748,47,4,,0,154,,751,44,4,,0,188,,750,47,4,,0,208,,749,44,4,,0,499,,752,47,4,,0
600,'5057',1253,,753,44,4,,0,396,,754,47,4,,0
600,'5430',629,,759,15,4,,0,189,,761,44,4,,0,195,,756,44,4,,0,192,,760,47,4,,0,154,,757,44,4,,0,188,,758,47,4,,0,208,,755,44,4,,0
601,'4158',903,,762,1,,,0,454,,763,1,,,0,300,,764,1,,,0
601,'5055',634,,765,1,,,0,190,,766,1,,,0,198,,768,1,,,0,189,,767,1,,,0,194,,771,1,,,0,148,,769,1,,,0,248,,770,1,,,0,501,,772,1,,,0
601,'5057',1302,,773,1,,,0,353,,774,1,,,0
601,'5430',634,,775,1,,,0,190,,781,1,,,0,198,,776,1,,,0,189,,780,1,,,0,194,,777,1,,,0,148,,778,1,,,0,248,,779,1,,,0
3400,'4158',900,,978,1,,,0,325,,979,1,,,0,94,,980,1,,,0,337,,977,1,,,0
3400,'5055',922,,982,1,,,0,99,,981,1,,,0,125,,983,1,,,0,405,,984,1,,,0
3400,'5430',922,,985,1,,,0,99,,986,1,,,0,125,,987,1,,,0,405,,988,1,,,0
3401,'4158',857,,990,23,4,,0,365,,989,23,4,,0,94,,991,23,4,,0,337,,992,23,4,,0
3401,'5055',922,,994,23,4,,0,96,,995,23,4,,0,125,,993,23,4,,0,405,,996,23,4,,0
3401,'5430',922,,1000,23,4,,0,96,,997,23,4,,0,125,,998,23,4,,0,405,,999,23,4,,0
