201,'4158',904,,592,14,,,0,141,,596,14,,,0,100,,593,14,,,0,100,,595,14,,,0,160,,597,14,,,0,139,,594,14,,,0,100,,598,14,,,0,100,,599,14,,,0
201,'5055',742,,603,14,,,0,68,,602,14,,,0,97,,604,14,,,0,42,,600,14,,,0,163,,601,14,,,0,99,,609,14,,,0,105,,606,14,,,0,100,,607,14,,,0,30,,605,14,,,0,95,,614,14,,,0,76,,612,14,,,0,103,,611,14,,,0,30,,610,14,,,0,160,,615,14,,,0,35,,608,14,,,0,204,,613,14,,,0
201,'5057',940,,616,14,,,0,205,,617,14,,,0,165,,621,14,,,0,95,,619,14,,,0,140,,622,14,,,0,100,,620,14,,,0,100,,618,14,,,0
201,'5430',742,,623,14,,,0,68,,624,14,,,0,97,,625,14,,,0,42,,626,14,,,0,163,,627,14,,,0,99,,633,14,,,0,105,,628,14,,,0,100,,629,14,,,0,30,,630,14,,,0,95,,635,14,,,0,76,,631,14,,,0,103,,632,14,,,0,30,,634,14,,,0,160,,636,14,,,0
300,'4158',1034,,637,13,,,0,206,,638,13,,,0,200,,639,13,,,0,199,,640,13,,,0
300,'5055',702,,645,13,,,0,131,,643,13,,,0,199,,641,13,,,0,176,,644,13,,,0,132,,642,13,,,0,173,,646,13,,,0,125,,649,13,,,0,170,,650,13,,,0,225,,648,13,,,0,100,,647,13,,,0
300,'5057',1034,,651,13,,,0,205,,652,13,,,0,200,,654,13,,,0,198,,653,13,,,0
300,'5430',702,,660,13,,,0,131,,656,13,,,0,199,,657,13,,,0,176,,655,13,,,0,132,,659,13,,,0,173,,658,13,,,0,125,,661,13,,,0,170,,662,13,,,0
600,'4158',811,,742,4,,,0,498,,744,4,,,0,296,,743,4,,,0
600,'5055',603,,745,4,,,0,131,,746,4,,,0,195,,747,4,,,0,195,,748,4,,,0,190,,751,4,,,0,191,,750,4,,,0,205,,749,4,,,0,504,,752,4,,,0
600,'5057',1209,,753,4,,,0,399,,754,4,,,0
600,'5430',603,,759,4,,,0,131,,761,4,,,0,195,,756,4,,,0,195,,760,4,,,0,190,,757,4,,,0,191,,758,4,,,0,205,,755,4,,,0
801,'4158',933,,872,4,,,0,371,,870,4,,,0,118,,871,4,,,0
801,'5055',753,,875,4,,,0,255,,874,4,,,0,405,,873,4,,,0,210,,876,4,,,0,111,,878,4,,,0,219,,877,4,,,0,250,,879,4,,,0
801,'5057',1002,,881,4,,,0,448,,880,4,,,0
801,'5430',753,,882,4,,,0,255,,883,4,,,0,405,,884,4,,,0,210,,885,4,,,0,111,,886,4,,,0,219,,887,4,,,0
901,'4158',1200,,906,4,,,0,449,,905,4,,,0
901,'5055',639,,908,4,,,0,210,,907,4,,,0,260,,910,4,,,0,218,,909,4,,,0,390,,911,4,,,0,212,,913,4,,,0,212,,912,4,,,0
901,'5057',1237,,914,4,,,0
901,'5430',639,,917,4,,,0,210,,920,4,,,0,260,,916,4,,,0,218,,915,4,,,0,390,,918,4,,,0,212,,919,4,,,0
