3101,'4158',805,,961,1,,,0,22,,961,32,4,,0,98,,963,1,,,0,22,,963,32,4,,0,183,,959,1,,,0,24,,959,32,4,,0,191,,960,1,,,0,64,,960,32,4,,0,192,,964,1,,,0,24,,964,32,4,,0,97,,962,1,,,0,22,,962,32,4,,0
3101,'5055',630,,965,1,,,0,25,,965,32,4,,0,175,,966,1,,,0,25,,966,32,4,,0,194,,970,1,,,0,66,,970,32,4,,0,97,,967,1,,,0,26,,967,32,4,,0,217,,968,1,,,0,65,,968,32,4,,0,295,,969,1,,,0,25,,969,32,4,,0
3101,'5430',630,,972,1,,,0,25,,972,32,4,,0,175,,971,1,,,0,25,,971,32,4,,0,194,,976,1,,,0,66,,976,32,4,,0,97,,974,1,,,0,26,,974,32,4,,0,217,,973,1,,,0,65,,973,32,4,,0,295,,975,1,,,0,25,,975,32,4,,0
3400,'4158',922,,978,22,4,,0,327,,979,22,4,,0,93,,980,22,4,,0,377,,977,22,4,,0
3400,'5055',943,,982,22,4,,0,99,,981,22,4,,0,165,,983,22,4,,0,405,,984,22,4,,0
3400,'5430',943,,985,22,4,,0,99,,986,22,4,,0,165,,987,22,4,,0,405,,988,22,4,,0
3401,'4158',833,,990,1,,,0,325,,989,1,,,0,94,,991,1,,,0,376,,992,1,,,0
3401,'5055',858,,994,1,,,0,96,,995,1,,,0,165,,993,1,,,0,405,,996,1,,,0
3401,'5430',858,,1000,1,,,0,96,,997,1,,,0,165,,998,1,,,0,405,,999,1,,,0
3600,'4158',1125,,1001,20,4,,0,431,,1002,20,4,,0
3600,'5055',825,,1005,20,4,,0,625,,1003,20,4,,0,360,,1004,20,4,,0
3600,'5430',825,,1007,20,4,,0,625,,1006,20,4,,0,360,,1008,20,4,,0
3601,'4158',955,,1010,1,,,0,460,,1009,1,,,0
3601,'5055',658,,1013,1,,,0,586,,1012,1,,,0,378,,1011,1,,,0,221,,1014,1,,,0
3601,'5430',658,,1015,1,,,0,586,,1016,1,,,0,378,,1017,1,,,0,221,,1018,1,,,0
