501,'5055',913,,731,23,,,0,139,,733,23,,,0,180,,730,23,,,0,285,,732,23,,,0,110,,735,23,,,0,199,,734,23,,,0
501,'5430',913,,741,23,,,0,139,,739,23,,,0,180,,740,23,,,0,285,,736,23,,,0,110,,738,23,,,0,199,,737,23,,,0
800,'4158',1141,,852,61,,,0,372,,850,61,,,0,118,,851,61,,,0
800,'5055',736,,854,60,,,0,211,,856,61,,,0,272,,855,61,,,0,405,,853,61,,,0,205,,860,61,,,0,98,,859,61,,,0,219,,858,61,,,0,210,,857,61,,,0
800,'5057',1221,,862,61,,,0,485,,861,61,,,0
800,'5430',736,,863,60,,,0,211,,868,61,,,0,272,,865,61,,,0,405,,869,61,,,0,205,,867,61,,,0,98,,866,61,,,0,219,,864,61,,,0
900,'4158',916,,888,36,,,0,436,,890,36,,,0,488,,889,36,,,0
900,'5055',827,,891,36,,,0,210,,892,36,,,0,220,,893,36,,,0,260,,894,36,,,0,390,,897,36,,,0,210,,895,36,,,0,212,,896,36,,,0
900,'5057',1428,,898,36,,,0
900,'5430',827,,900,36,,,0,210,,899,36,,,0,220,,901,36,,,0,260,,903,36,,,0,390,,902,36,,,0,210,,904,36,,,0
