800,'4158',1029,,852,1,,,0,18,,852,9,,,0,354,,850,1,,,0,18,,850,9,,,0,100,,851,1,,,0,18,,851,9,,,0
800,'5055',633,,854,1,,,0,11,,854,8,,,0,192,,856,1,,,0,19,,856,9,,,0,249,,855,1,,,0,20,,855,9,,,0,385,,853,1,,,0,20,,853,9,,,0,190,,860,1,,,0,19,,860,9,,,0,79,,859,1,,,0,19,,859,9,,,0,200,,858,1,,,0,19,,858,9,,,0,191,,857,1,,,0,59,,857,9,,,0
800,'5057',1110,,862,1,,,0,18,,862,9,,,0,427,,861,1,,,0,58,,861,9,,,0
800,'5430',633,,863,1,,,0,11,,863,8,,,0,192,,868,1,,,0,19,,868,9,,,0,249,,865,1,,,0,20,,865,9,,,0,385,,869,1,,,0,20,,869,9,,,0,190,,867,1,,,0,19,,867,9,,,0,79,,866,1,,,0,19,,866,9,,,0,200,,864,1,,,0,19,,864,9,,,0
801,'4158',1014,,872,35,4,,0,332,,870,35,4,,0,158,,871,35,4,,0
801,'5055',830,,875,35,4,,0,218,,874,35,4,,0,405,,873,35,4,,0,250,,876,35,4,,0,108,,878,35,4,,0,219,,877,35,4,,0,210,,879,35,4,,0
801,'5057',1043,,881,35,4,,0,488,,880,35,4,,0
801,'5430',830,,882,35,4,,0,218,,883,35,4,,0,405,,884,35,4,,0,250,,885,35,4,,0,108,,886,35,4,,0,219,,887,35,4,,0
900,'4158',830,,888,1,,,0,11,,888,8,,,0,465,,890,1,,,0,11,,890,8,,,0,437,,889,1,,,0,51,,889,8,,,0
900,'5055',738,,891,1,,,0,16,,891,8,,,0,195,,892,1,,,0,56,,892,8,,,0,204,,893,1,,,0,16,,893,8,,,0,204,,894,1,,,0,16,,894,8,,,0,374,,897,1,,,0,16,,897,8,,,0,194,,895,1,,,0,16,,895,8,,,0,196,,896,1,,,0,16,,896,8,,,0
900,'5057',1337,,898,1,,,0,18,,898,8,,,0
900,'5430',738,,900,1,,,0,16,,900,8,,,0,195,,899,1,,,0,56,,899,8,,,0,204,,901,1,,,0,16,,901,8,,,0,204,,903,1,,,0,16,,903,8,,,0,374,,902,1,,,0,16,,902,8,,,0,194,,904,1,,,0,16,,904,8,,,0
901,'4158',1253,,906,56,4,,0,489,,905,56,4,,0
901,'5055',729,,908,56,4,,0,211,,907,56,4,,0,260,,910,56,4,,0,220,,909,56,4,,0,390,,911,56,4,,0,210,,913,56,4,,0,212,,912,56,4,,0
901,'5057',1330,,914,56,4,,0
901,'5430',729,,917,56,4,,0,211,,920,56,4,,0,260,,916,56,4,,0,220,,915,56,4,,0,390,,918,56,4,,0,210,,919,56,4,,0
