800,'4158',1109,,852,37,,,0,332,,850,37,,,0,118,,851,37,,,0
800,'5055',705,,854,36,,,0,211,,856,37,,,0,229,,855,37,,,0,405,,853,37,,,0,208,,860,37,,,0,98,,859,37,,,0,259,,858,37,,,0,210,,857,37,,,0
800,'5057',1149,,862,37,,,0,485,,861,37,,,0
800,'5430',705,,863,36,,,0,211,,868,37,,,0,229,,865,37,,,0,405,,869,37,,,0,208,,867,37,,,0,98,,866,37,,,0,259,,864,37,,,0
901,'4158',1239,,906,33,,,0,489,,905,33,,,0
901,'5055',716,,908,33,,,0,211,,907,33,,,0,220,,910,33,,,0,260,,909,33,,,0,350,,911,33,,,0,250,,913,33,,,0,212,,912,33,,,0
901,'5057',1317,,914,33,,,0
901,'5430',716,,917,33,,,0,211,,920,33,,,0,220,,916,33,,,0,260,,915,33,,,0,350,,918,33,,,0,250,,919,33,,,0
9901,'5055',621,,1052,5,,,0,82,,1051,5,,,0
9901,'5430',621,,1054,5,,,0,82,,1053,5,,,0
