200,'4158',843,,546,19,4,,0,182,,550,19,4,,0,100,,548,19,4,,0,100,,549,19,4,,0,120,,551,19,4,,0,180,,547,19,4,,0,100,,552,19,4,,0,100,,553,19,4,,0
200,'5055',750,,556,19,4,,0,95,,557,19,4,,0,84,,554,19,4,,0,122,,555,19,4,,0,100,,562,19,4,,0,105,,558,19,4,,0,100,,561,19,4,,0,70,,559,19,4,,0,95,,568,19,4,,0,105,,565,19,4,,0,75,,566,19,4,,0,30,,570,19,4,,0,25,,569,19,4,,0,94,,567,19,4,,0,75,,560,19,4,,0,94,,563,19,4,,0,100,,564,19,4,,0
200,'5057',920,,571,19,4,,0,205,,572,19,4,,0,125,,573,19,4,,0,95,,574,19,4,,0,180,,577,19,4,,0,100,,575,19,4,,0,100,,576,19,4,,0
200,'5430',750,,578,19,4,,0,95,,579,19,4,,0,84,,580,19,4,,0,122,,581,19,4,,0,100,,582,19,4,,0,105,,583,19,4,,0,100,,584,19,4,,0,70,,585,19,4,,0,95,,586,19,4,,0,105,,587,19,4,,0,75,,588,19,4,,0,30,,591,19,4,,0,25,,589,19,4,,0,94,,590,19,4,,0
201,'4158',850,,592,1,,,0,180,,596,1,,,0,100,,593,1,,,0,100,,595,1,,,0,120,,597,1,,,0,180,,594,1,,,0,100,,598,1,,,0,100,,599,1,,,0
201,'5055',727,,603,1,,,0,28,,602,1,,,0,95,,604,1,,,0,82,,600,1,,,0,123,,601,1,,,0,100,,609,1,,,0,145,,606,1,,,0,100,,607,1,,,0,30,,605,1,,,0,95,,614,1,,,0,76,,612,1,,,0,104,,611,1,,,0,30,,610,1,,,0,120,,615,1,,,0,75,,608,1,,,0,204,,613,1,,,0
201,'5057',925,,616,1,,,0,205,,617,1,,,0,125,,621,1,,,0,95,,619,1,,,0,180,,622,1,,,0,100,,620,1,,,0,100,,618,1,,,0
201,'5430',727,,623,1,,,0,28,,624,1,,,0,95,,625,1,,,0,82,,626,1,,,0,123,,627,1,,,0,100,,633,1,,,0,145,,628,1,,,0,100,,629,1,,,0,30,,630,1,,,0,95,,635,1,,,0,76,,631,1,,,0,104,,632,1,,,0,30,,634,1,,,0,120,,636,1,,,0
300,'4158',1028,,637,1,,,0,206,,638,1,,,0,200,,639,1,,,0,199,,640,1,,,0
300,'5055',655,,645,1,,,0,168,,643,1,,,0,200,,641,1,,,0,177,,644,1,,,0,132,,642,1,,,0,173,,646,1,,,0,125,,649,1,,,0,170,,650,1,,,0,225,,648,1,,,0,100,,647,1,,,0
300,'5057',1028,,651,1,,,0,205,,652,1,,,0,200,,654,1,,,0,198,,653,1,,,0
300,'5430',655,,660,1,,,0,168,,656,1,,,0,200,,657,1,,,0,177,,655,1,,,0,132,,659,1,,,0,173,,658,1,,,0,125,,661,1,,,0,170,,662,1,,,0
301,'4158',1025,,663,21,4,,0,206,,665,21,4,,0,200,,664,21,4,,0,199,,666,21,4,,0
301,'5055',820,,669,21,4,,0,200,,667,21,4,,0,309,,668,21,4,,0,173,,670,21,4,,0,56,,671,21,4,,0,94,,673,21,4,,0,479,,672,21,4,,0
301,'5057',1025,,674,21,4,,0,205,,675,21,4,,0,200,,676,21,4,,0,198,,677,21,4,,0
301,'5430',820,,678,21,4,,0,200,,679,21,4,,0,309,,682,21,4,,0,173,,680,21,4,,0,56,,681,21,4,,0,94,,683,21,4,,0
701,'5055',604,,822,5,0,5 6,0,301,,827,5,0,5 6,0,240,,824,5,0,5 6,0,190,,825,5,0,5 6,0,205,,831,5,0,5 6,0,307,,826,5,0,5 6,0
701,'5430',604,,838,5,0,5 6,0,301,,842,5,0,5 6,0,240,,844,5,0,5 6,0,190,,845,5,0,5 6,0,205,,840,5,0,5 6,0,307,,847,5,0,5 6,0
3600,'4158',1054,,1001,5,,,0,470,,1002,5,,,0
3600,'5055',755,,1005,5,,,0,665,,1003,5,,,0,320,,1004,5,,,0
3600,'5430',755,,1007,5,,,0,665,,1006,5,,,0,320,,1008,5,,,0
