2,200,'4158',546,547,548,549,550,551,552,553
2,200,'5055',554,555,556,557,558,559,560,561,562,563,564,565,566,567,568,569,570
2,200,'5057',571,572,573,574,575,576,577
2,200,'5430',578,579,580,581,582,583,584,585,586,587,588,589,590,591
2,201,'4158',592,593,594,595,596,597,598,599
2,201,'5055',600,601,602,603,604,605,606,607,608,609,610,611,612,613,614,615
2,201,'5057',616,617,618,619,620,621,622
2,201,'5430',623,624,625,626,627,628,629,630,631,632,633,634,635,636
3,300,'4158',637,638,639,640
3,300,'5055',641,642,643,644,645,646,647,648,649,650
3,300,'5057',651,652,653,654
3,300,'5430',655,656,657,658,659,660,661,662
3,301,'4158',663,664,665,666
3,301,'5055',667,668,669,670,671,672,673
3,301,'5057',674,675,676,677
3,301,'5430',678,679,680,681,682,683
4,400,'4158',684,685,686,687
4,400,'5055',688,689,690,691,692,693,694,695,696
4,400,'5057',697,698
4,400,'5430',699,700,701,702,703,704,705,706
4,401,'4158',707,708,709,710
4,401,'5055',711,712,713,714,715,716,717,718,719
4,401,'5057',720,721
4,401,'5430',722,723,724,725,726,727,728,729
5,501,'5055',730,731,732,733,734,735
5,501,'5430',736,737,738,739,740,741
6,600,'4158',742,743,744
6,600,'5055',745,746,747,748,749,750,751,752
6,600,'5057',753,754
6,600,'5430',755,756,757,758,759,760,761
6,601,'4158',762,763,764
6,601,'5055',765,766,767,768,769,770,771,772
6,601,'5057',773,774
6,601,'5430',775,776,777,778,779,780,781
7,700,'4158',782,783,784,785,786
7,700,'5055',787,788,789,790,791,792,793,794,795,796,797,798,799,800
7,700,'5057',801,802,803
7,700,'5430',804,805,806,807,808,809,810,811,812,813,814,815,816
7,701,'4158',817,818,819,820,821
7,701,'5055',822,823,824,825,826,827,828,829,830,831,832,833,834
7,701,'5057',835,836,837
7,701,'5430',838,839,840,841,842,843,844,845,846,847,848,849
8,800,'4158',850,851,852
8,800,'5055',853,854,855,856,857,858,859,860
8,800,'5057',861,862
8,800,'5430',863,864,865,866,867,868,869
8,801,'4158',870,871,872
8,801,'5055',873,874,875,876,877,878,879
8,801,'5057',880,881
8,801,'5430',882,883,884,885,886,887
9,900,'4158',888,889,890
9,900,'5055',891,892,893,894,895,896,897
9,900,'5057',898
9,900,'5430',899,900,901,902,903,904
9,901,'4158',905,906
9,901,'5055',907,908,909,910,911,912,913
9,901,'5057',914
9,901,'5430',915,916,917,918,919,920
20,2001,'4158',921,922,923,924
20,2001,'5055',925,926,927,928,929,930,931,932,933
20,2001,'5430',934,935,936,937,938,939,940
21,2101,'4158',941,942,943,944
21,2101,'5055',945,946,947,948,949,950,951,952
21,2101,'5430',953,954,955,956,957,958
31,3101,'4158',959,960,961,962,963,964
31,3101,'5055',965,966,967,968,969,970
31,3101,'5430',971,972,973,974,975,976
34,3400,'4158',977,978,979,980
34,3400,'5055',981,982,983,984
34,3400,'5430',985,986,987,988
34,3401,'4158',989,990,991,992
34,3401,'5055',993,994,995,996
34,3401,'5430',997,998,999,1000
36,3600,'4158',1001,1002
36,3600,'5055',1003,1004,1005
36,3600,'5430',1006,1007,1008
36,3601,'4158',1009,1010
36,3601,'5055',1011,1012,1013,1014
36,3601,'5430',1015,1016,1017,1018
66,6600,'4158',1019,1020,1021
66,6600,'5055',1022,1023,1024,1025
66,6600,'5057',1026,1027,1028
66,6600,'5430',1029,1030,1031,1032
66,6601,'4158',1033,1034,1035
66,6601,'5055',1036,1037,1038,1039
66,6601,'5057',1040,1041,1042
66,6601,'5430',1043,1044,1045,1046
99,9900,'5055',1047,1048
99,9900,'5430',1049,1050
99,9901,'5055',1051,1052
99,9901,'5430',1053,1054
