800,'4158',1103,,852,29,,,0,332,,850,29,,,0,118,,851,29,,,0
800,'5055',700,,854,28,,,0,210,,856,29,,,0,229,,855,29,,,0,405,,853,29,,,0,209,,860,29,,,0,98,,859,29,,,0,259,,858,29,,,0,210,,857,29,,,0
800,'5057',1143,,862,29,,,0,485,,861,29,,,0
800,'5430',700,,863,28,,,0,210,,868,29,,,0,229,,865,29,,,0,405,,869,29,,,0,209,,867,29,,,0,98,,866,29,,,0,259,,864,29,,,0
901,'4158',1233,,906,25,,,0,489,,905,25,,,0
901,'5055',709,,908,25,,,0,211,,907,25,,,0,220,,910,25,,,0,260,,909,25,,,0,350,,911,25,,,0,250,,913,25,,,0,212,,912,25,,,0
901,'5057',1310,,914,25,,,0
901,'5430',709,,917,25,,,0,211,,920,25,,,0,220,,916,25,,,0,260,,915,25,,,0,350,,918,25,,,0,250,,919,25,,,0
9900,'5055',1649,,1047,22,4,,0,103,,1048,22,4,,0
9900,'5430',1649,,1050,22,4,,0,103,,1049,22,4,,0
