200,'4158',829,,546,4,,,0,180,,550,4,,,0,100,,548,4,,,0,100,,549,4,,,0,120,,551,4,,,0,180,,547,4,,,0,100,,552,4,,,0,100,,553,4,,,0
200,'5055',734,,556,4,,,0,95,,557,4,,,0,83,,554,4,,,0,122,,555,4,,,0,100,,562,4,,,0,105,,558,4,,,0,100,,561,4,,,0,70,,559,4,,,0,95,,568,4,,,0,105,,565,4,,,0,35,,566,4,,,0,70,,570,4,,,0,25,,569,4,,,0,95,,567,4,,,0,75,,560,4,,,0,95,,563,4,,,0,100,,564,4,,,0
200,'5057',904,,571,4,,,0,205,,572,4,,,0,125,,573,4,,,0,95,,574,4,,,0,180,,577,4,,,0,100,,575,4,,,0,100,,576,4,,,0
200,'5430',734,,578,4,,,0,95,,579,4,,,0,83,,580,4,,,0,122,,581,4,,,0,100,,582,4,,,0,105,,583,4,,,0,100,,584,4,,,0,70,,585,4,,,0,95,,586,4,,,0,105,,587,4,,,0,35,,588,4,,,0,70,,591,4,,,0,25,,589,4,,,0,95,,590,4,,,0
501,'5055',854,,731,4,,,0,180,,733,4,,,0,178,,730,4,,,0,247,,732,4,,,0,150,,735,4,,,0,200,,734,4,,,0
501,'5430',854,,741,4,,,0,180,,739,4,,,0,178,,740,4,,,0,247,,736,4,,,0,150,,738,4,,,0,200,,737,4,,,0
701,'4158',924,,818,4,0,5 6,0,185,,817,4,0,5 6,0,315,,819,4,0,5 6,0,188,,820,4,0,5 6,0,192,,821,4,0,5 6,0
701,'5055',737,,823,4,0,5 6,0,222,,832,4,0,5 6,0,277,,833,4,0,5 6,0,298,,829,4,0,5 6,0,171,,828,4,0,5 6,0,229,,834,4,0,5 6,0,270,,830,4,0,5 6,0
701,'5057',1003,,835,4,0,5 6,0,420,,836,4,0,5 6,0,378,,837,4,0,5 6,0
701,'5430',737,,849,4,0,5 6,0,222,,839,4,0,5 6,0,277,,848,4,0,5 6,0,298,,843,4,0,5 6,0,171,,841,4,0,5 6,0,229,,846,4,0,5 6,0
