800,'4158',1043,,852,7,,,0,372,,850,7,,,0,118,,851,7,,,0
800,'5055',640,,854,6,,,0,211,,856,7,,,0,268,,855,7,,,0,405,,853,7,,,0,210,,860,7,,,0,98,,859,7,,,0,219,,858,7,,,0,250,,857,7,,,0
800,'5057',1124,,862,7,,,0,485,,861,7,,,0
800,'5430',640,,863,6,,,0,211,,868,7,,,0,268,,865,7,,,0,405,,869,7,,,0,210,,867,7,,,0,98,,866,7,,,0,219,,864,7,,,0
900,'4158',837,,888,6,,,0,476,,890,6,,,0,488,,889,6,,,0
900,'5055',750,,891,6,,,0,251,,892,6,,,0,220,,893,6,,,0,220,,894,6,,,0,390,,897,6,,,0,210,,895,6,,,0,212,,896,6,,,0
900,'5057',1351,,898,6,,,0
900,'5430',750,,900,6,,,0,251,,899,6,,,0,220,,901,6,,,0,220,,903,6,,,0,390,,902,6,,,0,210,,904,6,,,0
6600,'4158',1145,,1021,16,4,,0,306,,1020,16,4,,0,360,,1019,16,4,,0
6600,'5055',1448,,1023,16,4,,0,200,,1022,16,4,,0,65,,1024,16,4,,0,104,,1025,16,4,,0
6600,'5057',1145,,1028,16,4,,0,306,,1027,16,4,,0,360,,1026,16,4,,0
6600,'5430',1448,,1029,16,4,,0,200,,1031,16,4,,0,65,,1030,16,4,,0,104,,1032,16,4,,0
9900,'5055',1636,,1047,16,4,,0,103,,1048,16,4,,0
9900,'5430',1636,,1050,16,4,,0,103,,1049,16,4,,0
