200,'4158',828,,546,3,,,0,180,,550,3,,,0,100,,548,3,,,0,100,,549,3,,,0,120,,551,3,,,0,180,,547,3,,,0,100,,552,3,,,0,100,,553,3,,,0
200,'5055',733,,556,3,,,0,95,,557,3,,,0,83,,554,3,,,0,122,,555,3,,,0,100,,562,3,,,0,105,,558,3,,,0,100,,561,3,,,0,70,,559,3,,,0,95,,568,3,,,0,105,,565,3,,,0,35,,566,3,,,0,70,,570,3,,,0,25,,569,3,,,0,95,,567,3,,,0,75,,560,3,,,0,95,,563,3,,,0,100,,564,3,,,0
200,'5057',903,,571,3,,,0,205,,572,3,,,0,125,,573,3,,,0,95,,574,3,,,0,180,,577,3,,,0,100,,575,3,,,0,100,,576,3,,,0
200,'5430',733,,578,3,,,0,95,,579,3,,,0,83,,580,3,,,0,122,,581,3,,,0,100,,582,3,,,0,105,,583,3,,,0,100,,584,3,,,0,70,,585,3,,,0,95,,586,3,,,0,105,,587,3,,,0,35,,588,3,,,0,70,,591,3,,,0,25,,589,3,,,0,95,,590,3,,,0
301,'4158',1007,,663,3,,,0,205,,665,3,,,0,200,,664,3,,,0,200,,666,3,,,0
301,'5055',802,,669,3,,,0,199,,667,3,,,0,309,,668,3,,,0,133,,670,3,,,0,96,,671,3,,,0,94,,673,3,,,0,480,,672,3,,,0
301,'5057',1007,,674,3,,,0,205,,675,3,,,0,200,,676,3,,,0,198,,677,3,,,0
301,'5430',802,,678,3,,,0,199,,679,3,,,0,309,,682,3,,,0,133,,680,3,,,0,96,,681,3,,,0,94,,683,3,,,0
400,'4158',1107,,684,3,,,0,200,,685,3,,,0,195,,686,3,,,0,204,,687,3,,,0
400,'5055',747,,691,3,,,0,181,,690,3,,,0,175,,689,3,,,0,145,,688,3,,,0,185,,695,3,,,0,75,,694,3,,,0,192,,693,3,,,0,147,,696,3,,,0,110,,692,3,,,0
400,'5057',1107,,697,3,,,0,400,,698,3,,,0
400,'5430',747,,706,3,,,0,181,,702,3,,,0,175,,705,3,,,0,145,,703,3,,,0,185,,701,3,,,0,75,,704,3,,,0,192,,700,3,,,0,147,,699,3,,,0
501,'5055',853,,731,3,,,0,180,,733,3,,,0,178,,730,3,,,0,247,,732,3,,,0,150,,735,3,,,0,200,,734,3,,,0
501,'5430',853,,741,3,,,0,180,,739,3,,,0,178,,740,3,,,0,247,,736,3,,,0,150,,738,3,,,0,200,,737,3,,,0
600,'4158',810,,742,3,,,0,498,,744,3,,,0,296,,743,3,,,0
600,'5055',602,,745,3,,,0,131,,746,3,,,0,195,,747,3,,,0,195,,748,3,,,0,190,,751,3,,,0,190,,750,3,,,0,205,,749,3,,,0,504,,752,3,,,0
600,'5057',1207,,753,3,,,0,399,,754,3,,,0
600,'5430',602,,759,3,,,0,131,,761,3,,,0,195,,756,3,,,0,195,,760,3,,,0,190,,757,3,,,0,190,,758,3,,,0,205,,755,3,,,0
701,'4158',923,,818,3,0,5 6,0,185,,817,3,0,5 6,0,315,,819,3,0,5 6,0,188,,820,3,0,5 6,0,192,,821,3,0,5 6,0
701,'5055',557,,822,3,0,5 6,0,179,,823,3,0,5 6,0,122,,827,3,0,5 6,0,100,,832,3,0,5 6,0,180,,824,3,0,5 6,0,97,,833,3,0,5 6,0,93,,825,3,0,5 6,0,205,,831,3,0,5 6,0,171,,828,3,0,5 6,0,136,,826,3,0,5 6,0,93,,834,3,0,5 6,0,270,,830,3,0,5 6,0
701,'5057',1002,,835,3,0,5 6,0,420,,836,3,0,5 6,0,378,,837,3,0,5 6,0
701,'5430',557,,838,3,0,5 6,0,179,,849,3,0,5 6,0,122,,842,3,0,5 6,0,100,,839,3,0,5 6,0,180,,844,3,0,5 6,0,97,,848,3,0,5 6,0,93,,845,3,0,5 6,0,205,,840,3,0,5 6,0,171,,841,3,0,5 6,0,136,,847,3,0,5 6,0,93,,846,3,0,5 6,0
801,'4158',932,,872,3,,,0,371,,870,3,,,0,118,,871,3,,,0
801,'5055',752,,875,3,,,0,255,,874,3,,,0,405,,873,3,,,0,210,,876,3,,,0,111,,878,3,,,0,219,,877,3,,,0,250,,879,3,,,0
801,'5057',1001,,881,3,,,0,448,,880,3,,,0
801,'5430',752,,882,3,,,0,255,,883,3,,,0,405,,884,3,,,0,210,,885,3,,,0,111,,886,3,,,0,219,,887,3,,,0
901,'4158',1159,,906,3,,,0,489,,905,3,,,0
901,'5055',638,,908,3,,,0,210,,907,3,,,0,260,,910,3,,,0,218,,909,3,,,0,390,,911,3,,,0,212,,913,3,,,0,212,,912,3,,,0
901,'5057',1236,,914,3,,,0
901,'5430',638,,917,3,,,0,210,,920,3,,,0,260,,916,3,,,0,218,,915,3,,,0,390,,918,3,,,0,212,,919,3,,,0
3600,'4158',1047,,1001,3,,,0,470,,1002,3,,,0
3600,'5055',747,,1005,3,,,0,665,,1003,3,,,0,320,,1004,3,,,0
3600,'5430',747,,1007,3,,,0,665,,1006,3,,,0,320,,1008,3,,,0
6600,'4158',1214,,1021,22,4,,0,307,,1020,22,4,,0,320,,1019,22,4,,0
6600,'5057',1214,,1028,22,4,,0,307,,1027,22,4,,0,320,,1026,22,4,,0
6601,'4158',920,,1033,3,,,0,306,,1034,3,,,0,320,,1035,3,,,0
6601,'5057',920,,1042,3,,,0,306,,1041,3,,,0,320,,1040,3,,,0
