800,'4158',1126,,852,54,,,0,332,,850,54,,,0,158,,851,54,,,0
800,'5055',721,,854,53,,,0,211,,856,54,,,0,270,,855,54,,,0,405,,853,54,,,0,207,,860,54,,,0,98,,859,54,,,0,219,,858,54,,,0,210,,857,54,,,0
800,'5057',1206,,862,54,,,0,445,,861,54,,,0
800,'5430',721,,863,53,,,0,211,,868,54,,,0,270,,865,54,,,0,405,,869,54,,,0,207,,867,54,,,0,98,,866,54,,,0,219,,864,54,,,0
801,'4158',954,,872,19,,,0,372,,870,19,,,0,118,,871,19,,,0
801,'5055',812,,875,19,,,0,218,,874,19,,,0,405,,873,19,,,0,210,,876,19,,,0,109,,878,19,,,0,259,,877,19,,,0,210,,879,19,,,0
801,'5057',1023,,881,19,,,0,488,,880,19,,,0
801,'5430',812,,882,19,,,0,218,,883,19,,,0,405,,884,19,,,0,210,,885,19,,,0,109,,886,19,,,0,259,,887,19,,,0
900,'4158',858,,888,23,,,0,476,,890,23,,,0,488,,889,23,,,0
900,'5055',811,,891,23,,,0,210,,892,23,,,0,220,,893,23,,,0,260,,894,23,,,0,350,,897,23,,,0,250,,895,23,,,0,212,,896,23,,,0
900,'5057',1412,,898,23,,,0
900,'5430',811,,900,23,,,0,210,,899,23,,,0,220,,901,23,,,0,260,,903,23,,,0,350,,902,23,,,0,250,,904,23,,,0
901,'4158',1220,,906,13,,,0,489,,905,13,,,0
901,'5055',657,,908,13,,,0,251,,907,13,,,0,220,,910,13,,,0,220,,909,13,,,0,390,,911,13,,,0,210,,913,13,,,0,252,,912,13,,,0
901,'5057',1258,,914,13,,,0
901,'5430',657,,917,13,,,0,251,,920,13,,,0,220,,916,13,,,0,220,,915,13,,,0,390,,918,13,,,0,210,,919,13,,,0
