201,'4158',907,,592,18,,,0,141,,596,18,,,0,100,,593,18,,,0,100,,595,18,,,0,160,,597,18,,,0,139,,594,18,,,0,100,,598,18,,,0,100,,599,18,,,0
201,'5055',745,,603,18,,,0,68,,602,18,,,0,98,,604,18,,,0,42,,600,18,,,0,163,,601,18,,,0,99,,609,18,,,0,105,,606,18,,,0,99,,607,18,,,0,30,,605,18,,,0,95,,614,18,,,0,76,,612,18,,,0,103,,611,18,,,0,30,,610,18,,,0,160,,615,18,,,0,35,,608,18,,,0,204,,613,18,,,0
201,'5057',943,,616,18,,,0,205,,617,18,,,0,165,,621,18,,,0,95,,619,18,,,0,140,,622,18,,,0,100,,620,18,,,0,100,,618,18,,,0
201,'5430',745,,623,18,,,0,68,,624,18,,,0,98,,625,18,,,0,42,,626,18,,,0,163,,627,18,,,0,99,,633,18,,,0,105,,628,18,,,0,99,,629,18,,,0,30,,630,18,,,0,95,,635,18,,,0,76,,631,18,,,0,103,,632,18,,,0,30,,634,18,,,0,160,,636,18,,,0
601,'4158',949,,762,47,,,0,498,,763,44,,,0,297,,764,47,,,0
601,'5055',720,,765,47,,,0,190,,766,47,,,0,198,,768,47,,,0,196,,767,44,,,0,147,,771,47,,,0,195,,769,44,,,0,201,,770,47,,,0,508,,772,44,,,0
601,'5057',1348,,773,47,,,0,398,,774,44,,,0
601,'5430',720,,775,47,,,0,190,,781,47,,,0,198,,776,47,,,0,196,,780,44,,,0,147,,777,47,,,0,195,,778,44,,,0,201,,779,47,,,0
700,'5055',718,,790,14,0,5 6,0,182,,788,14,0,5 6,0,218,,797,14,0,5 6,0,235,,799,14,0,5 6,0,298,,793,14,0,5 6,0,179,,791,14,0,5 6,0,115,,795,14,0,5 6,0
700,'5430',718,,816,14,0,5 6,0,182,,815,14,0,5 6,0,218,,811,14,0,5 6,0,235,,814,14,0,5 6,0,298,,813,14,0,5 6,0,179,,807,14,0,5 6,0,115,,808,14,0,5 6,0
3601,'4158',1029,,1010,23,,,0,419,,1009,23,,,0
3601,'5055',735,,1013,23,,,0,587,,1012,23,,,0,334,,1011,23,,,0,261,,1014,23,,,0
3601,'5430',735,,1015,23,,,0,587,,1016,23,,,0,334,,1017,23,,,0,261,,1018,23,,,0
