801,'4158',936,,872,6,,,0,371,,870,6,,,0,118,,871,6,,,0
801,'5055',756,,875,6,,,0,255,,874,6,,,0,405,,873,6,,,0,210,,876,6,,,0,111,,878,6,,,0,219,,877,6,,,0,250,,879,6,,,0
801,'5057',1005,,881,6,,,0,448,,880,6,,,0
801,'5430',756,,882,6,,,0,255,,883,6,,,0,405,,884,6,,,0,210,,885,6,,,0,111,,886,6,,,0,219,,887,6,,,0
901,'4158',1203,,906,6,,,0,449,,905,6,,,0
901,'5055',642,,908,6,,,0,210,,907,6,,,0,260,,910,6,,,0,218,,909,6,,,0,390,,911,6,,,0,212,,913,6,,,0,212,,912,6,,,0
901,'5057',1240,,914,6,,,0
901,'5430',642,,917,6,,,0,210,,920,6,,,0,260,,916,6,,,0,218,,915,6,,,0,390,,918,6,,,0,212,,919,6,,,0
6601,'4158',922,,1033,4,,,0,306,,1034,4,,,0,320,,1035,4,,,0
6601,'5055',535,,1036,2,,,0,81,,1039,2,,,0,15,,1038,2,,,0,293,,1037,2,,,0
6601,'5057',922,,1042,4,,,0,306,,1041,4,,,0,320,,1040,4,,,0
6601,'5430',535,,1044,2,,,0,81,,1045,2,,,0,15,,1046,2,,,0,293,,1043,2,,,0
