800,'4158',1108,,852,35,,,0,332,,850,35,,,0,118,,851,35,,,0
800,'5055',704,,854,34,,,0,211,,856,35,,,0,229,,855,35,,,0,405,,853,35,,,0,208,,860,35,,,0,98,,859,35,,,0,259,,858,35,,,0,210,,857,35,,,0
800,'5057',1148,,862,35,,,0,485,,861,35,,,0
800,'5430',704,,863,34,,,0,211,,868,35,,,0,229,,865,35,,,0,405,,869,35,,,0,208,,867,35,,,0,98,,866,35,,,0,259,,864,35,,,0
901,'4158',1237,,906,31,,,0,489,,905,31,,,0
901,'5055',714,,908,31,,,0,211,,907,31,,,0,220,,910,31,,,0,260,,909,31,,,0,350,,911,31,,,0,250,,913,31,,,0,212,,912,31,,,0
901,'5057',1315,,914,31,,,0
901,'5430',714,,917,31,,,0,211,,920,31,,,0,220,,916,31,,,0,260,,915,31,,,0,350,,918,31,,,0,250,,919,31,,,0
9901,'5055',620,,1052,4,,,0,82,,1051,4,,,0
9901,'5430',620,,1054,4,,,0,82,,1053,4,,,0
