300,'4158',1035,,637,14,,,0,206,,638,14,,,0,200,,639,14,,,0,199,,640,14,,,0
300,'5055',703,,645,14,,,0,131,,643,14,,,0,199,,641,14,,,0,176,,644,14,,,0,132,,642,14,,,0,173,,646,14,,,0,125,,649,14,,,0,170,,650,14,,,0,225,,648,14,,,0,100,,647,14,,,0
300,'5057',1035,,651,14,,,0,205,,652,14,,,0,200,,654,14,,,0,198,,653,14,,,0
300,'5430',703,,660,14,,,0,131,,656,14,,,0,199,,657,14,,,0,176,,655,14,,,0,132,,659,14,,,0,173,,658,14,,,0,125,,661,14,,,0,170,,662,14,,,0
600,'4158',812,,742,5,,,0,498,,744,5,,,0,296,,743,5,,,0
600,'5055',603,,745,5,,,0,132,,746,5,,,0,195,,747,5,,,0,195,,748,5,,,0,190,,751,5,,,0,190,,750,5,,,0,205,,749,5,,,0,504,,752,5,,,0
600,'5057',1209,,753,5,,,0,399,,754,5,,,0
600,'5430',603,,759,5,,,0,132,,761,5,,,0,195,,756,5,,,0,195,,760,5,,,0,190,,757,5,,,0,190,,758,5,,,0,205,,755,5,,,0
801,'4158',933,,872,5,,,0,371,,870,5,,,0,118,,871,5,,,0
801,'5055',753,,875,5,,,0,255,,874,5,,,0,405,,873,5,,,0,210,,876,5,,,0,111,,878,5,,,0,219,,877,5,,,0,250,,879,5,,,0
801,'5057',1002,,881,5,,,0,448,,880,5,,,0
801,'5430',753,,882,5,,,0,255,,883,5,,,0,405,,884,5,,,0,210,,885,5,,,0,111,,886,5,,,0,219,,887,5,,,0
901,'4158',1200,,906,5,,,0,449,,905,5,,,0
901,'5055',639,,908,5,,,0,210,,907,5,,,0,260,,910,5,,,0,218,,909,5,,,0,390,,911,5,,,0,212,,913,5,,,0,212,,912,5,,,0
901,'5057',1237,,914,5,,,0
901,'5430',639,,917,5,,,0,210,,920,5,,,0,260,,916,5,,,0,218,,915,5,,,0,390,,918,5,,,0,212,,919,5,,,0
