501,'5055',918,,731,29,,,0,139,,733,29,,,0,181,,730,29,,,0,285,,732,29,,,0,110,,735,29,,,0,198,,734,29,,,0
501,'5430',918,,741,29,,,0,139,,739,29,,,0,181,,740,29,,,0,285,,736,29,,,0,110,,738,29,,,0,198,,737,29,,,0
800,'4158',1144,,852,64,,,0,372,,850,64,,,0,118,,851,64,,,0
800,'5055',739,,854,63,,,0,211,,856,64,,,0,272,,855,64,,,0,405,,853,64,,,0,204,,860,64,,,0,98,,859,64,,,0,219,,858,64,,,0,210,,857,64,,,0
800,'5057',1224,,862,64,,,0,485,,861,64,,,0
800,'5430',739,,863,63,,,0,211,,868,64,,,0,272,,865,64,,,0,405,,869,64,,,0,204,,867,64,,,0,98,,866,64,,,0,219,,864,64,,,0
900,'4158',919,,888,39,,,0,436,,890,39,,,0,488,,889,39,,,0
900,'5055',830,,891,39,,,0,209,,892,39,,,0,220,,893,39,,,0,260,,894,39,,,0,390,,897,39,,,0,210,,895,39,,,0,212,,896,39,,,0
900,'5057',1431,,898,39,,,0
900,'5430',830,,900,39,,,0,209,,899,39,,,0,220,,901,39,,,0,260,,903,39,,,0,390,,902,39,,,0,210,,904,39,,,0
6600,'4158',1212,,1021,20,4,,0,307,,1020,20,4,,0,320,,1019,20,4,,0
6600,'5055',1516,,1023,20,4,,0,200,,1022,20,4,,0,25,,1024,20,4,,0,101,,1025,20,4,,0
6600,'5057',1212,,1028,20,4,,0,307,,1027,20,4,,0,320,,1026,20,4,,0
6600,'5430',1516,,1029,20,4,,0,200,,1031,20,4,,0,25,,1030,20,4,,0,101,,1032,20,4,,0
