800,'4158',1111,,852,41,,,0,332,,850,41,,,0,158,,851,41,,,0
800,'5055',707,,854,40,,,0,211,,856,41,,,0,229,,855,41,,,0,405,,853,41,,,0,248,,860,41,,,0,58,,859,41,,,0,259,,858,41,,,0,210,,857,41,,,0
800,'5057',1151,,862,41,,,0,485,,861,41,,,0
800,'5430',707,,863,40,,,0,211,,868,41,,,0,229,,865,41,,,0,405,,869,41,,,0,248,,867,41,,,0,58,,866,41,,,0,259,,864,41,,,0
901,'4158',1241,,906,37,,,0,489,,905,37,,,0
901,'5055',718,,908,37,,,0,211,,907,37,,,0,220,,910,37,,,0,260,,909,37,,,0,350,,911,37,,,0,250,,913,37,,,0,212,,912,37,,,0
901,'5057',1319,,914,37,,,0
901,'5430',718,,917,37,,,0,211,,920,37,,,0,220,,916,37,,,0,260,,915,37,,,0,350,,918,37,,,0,250,,919,37,,,0
9901,'5055',623,,1052,6,,,0,82,,1051,6,,,0
9901,'5430',623,,1054,6,,,0,82,,1053,6,,,0
