800,'4158',1107,,852,34,,,0,332,,850,34,,,0,118,,851,34,,,0
800,'5055',703,,854,33,,,0,211,,856,34,,,0,229,,855,34,,,0,405,,853,34,,,0,208,,860,34,,,0,98,,859,34,,,0,259,,858,34,,,0,210,,857,34,,,0
800,'5057',1147,,862,34,,,0,485,,861,34,,,0
800,'5430',703,,863,33,,,0,211,,868,34,,,0,229,,865,34,,,0,405,,869,34,,,0,208,,867,34,,,0,98,,866,34,,,0,259,,864,34,,,0
901,'4158',1237,,906,30,,,0,489,,905,30,,,0
901,'5055',713,,908,30,,,0,211,,907,30,,,0,220,,910,30,,,0,260,,909,30,,,0,350,,911,30,,,0,250,,913,30,,,0,212,,912,30,,,0
901,'5057',1314,,914,30,,,0
901,'5430',713,,917,30,,,0,211,,920,30,,,0,220,,916,30,,,0,260,,915,30,,,0,350,,918,30,,,0,250,,919,30,,,0
9901,'5055',619,,1052,3,,,0,82,,1051,3,,,0
9901,'5430',619,,1054,3,,,0,82,,1053,3,,,0
