800,'4158',1130,,852,55,,,0,372,,850,55,,,0,118,,851,55,,,0
800,'5055',726,,854,54,,,0,211,,856,55,,,0,270,,855,55,,,0,405,,853,55,,,0,207,,860,55,,,0,98,,859,55,,,0,219,,858,55,,,0,210,,857,55,,,0
800,'5057',1211,,862,55,,,0,445,,861,55,,,0
800,'5430',726,,863,54,,,0,211,,868,55,,,0,270,,865,55,,,0,405,,869,55,,,0,207,,867,55,,,0,98,,866,55,,,0,219,,864,55,,,0
901,'4158',1215,,906,12,,,0,489,,905,12,,,0
901,'5055',652,,908,12,,,0,250,,907,12,,,0,220,,910,12,,,0,220,,909,12,,,0,390,,911,12,,,0,210,,913,12,,,0,212,,912,12,,,0
901,'5057',1251,,914,12,,,0
901,'5430',652,,917,12,,,0,250,,920,12,,,0,220,,916,12,,,0,220,,915,12,,,0,390,,918,12,,,0,210,,919,12,,,0
6600,'4158',1202,,1021,19,4,,0,307,,1020,19,4,,0,320,,1019,19,4,,0
6600,'5055',1506,,1023,19,4,,0,200,,1022,19,4,,0,25,,1024,19,4,,0,102,,1025,19,4,,0
6600,'5057',1202,,1028,19,4,,0,307,,1027,19,4,,0,320,,1026,19,4,,0
6600,'5430',1506,,1029,19,4,,0,200,,1031,19,4,,0,25,,1030,19,4,,0,102,,1032,19,4,,0
6601,'4158',930,,1033,5,,,0,306,,1034,5,,,0,320,,1035,5,,,0
6601,'5055',543,,1036,3,,,0,81,,1039,3,,,0,15,,1038,3,,,0,293,,1037,3,,,0
6601,'5057',930,,1042,5,,,0,306,,1041,5,,,0,320,,1040,5,,,0
6601,'5430',543,,1044,3,,,0,81,,1045,3,,,0,15,,1046,3,,,0,293,,1043,3,,,0
