201,'4158',906,,592,17,,,0,141,,596,17,,,0,100,,593,17,,,0,100,,595,17,,,0,160,,597,17,,,0,139,,594,17,,,0,100,,598,17,,,0,100,,599,17,,,0
201,'5055',744,,603,17,,,0,68,,602,17,,,0,98,,604,17,,,0,42,,600,17,,,0,163,,601,17,,,0,99,,609,17,,,0,105,,606,17,,,0,99,,607,17,,,0,30,,605,17,,,0,95,,614,17,,,0,76,,612,17,,,0,103,,611,17,,,0,30,,610,17,,,0,160,,615,17,,,0,35,,608,17,,,0,204,,613,17,,,0
201,'5057',942,,616,17,,,0,205,,617,17,,,0,165,,621,17,,,0,95,,619,17,,,0,140,,622,17,,,0,100,,620,17,,,0,100,,618,17,,,0
201,'5430',744,,623,17,,,0,68,,624,17,,,0,98,,625,17,,,0,42,,626,17,,,0,163,,627,17,,,0,99,,633,17,,,0,105,,628,17,,,0,99,,629,17,,,0,30,,630,17,,,0,95,,635,17,,,0,76,,631,17,,,0,103,,632,17,,,0,30,,634,17,,,0,160,,636,17,,,0
601,'4158',949,,762,46,,,0,498,,763,43,,,0,297,,764,46,,,0
601,'5055',719,,765,46,,,0,190,,766,46,,,0,198,,768,46,,,0,197,,767,43,,,0,146,,771,46,,,0,196,,769,43,,,0,200,,770,46,,,0,509,,772,43,,,0
601,'5057',1348,,773,46,,,0,398,,774,43,,,0
601,'5430',719,,775,46,,,0,190,,781,46,,,0,198,,776,46,,,0,197,,780,43,,,0,146,,777,46,,,0,196,,778,43,,,0,200,,779,46,,,0
700,'5055',718,,790,13,0,5 6,0,182,,788,13,0,5 6,0,218,,797,13,0,5 6,0,235,,799,13,0,5 6,0,298,,793,13,0,5 6,0,179,,791,13,0,5 6,0,115,,795,13,0,5 6,0
700,'5430',718,,816,13,0,5 6,0,182,,815,13,0,5 6,0,218,,811,13,0,5 6,0,235,,814,13,0,5 6,0,298,,813,13,0,5 6,0,179,,807,13,0,5 6,0,115,,808,13,0,5 6,0
3601,'4158',1029,,1010,22,,,0,419,,1009,22,,,0
3601,'5055',735,,1013,22,,,0,587,,1012,22,,,0,334,,1011,22,,,0,261,,1014,22,,,0
3601,'5430',735,,1015,22,,,0,587,,1016,22,,,0,334,,1017,22,,,0,261,,1018,22,,,0
